{
 "cells": [
  {
   "cell_type": "code",
   "execution_count": null,
   "metadata": {},
   "outputs": [],
   "source": [
    "import sys\n",
    "sys.path.append(\"..\\\\backtesting\\\\utils\")\n",
    "import dynamic_backtesting as db\n",
    "import compare_strategies as cs\n",
    "import matplotlib.pyplot as plt\n",
    "import pandas as pd\n",
    "import matplotlib\n",
    "from matplotlib.dates import DateFormatter\n",
    "from matplotlib.dates import YearLocator\n",
    "plt.style.use('seaborn')\n",
    "matplotlib.rcParams['axes.prop_cycle'] = matplotlib.cycler(color=[\"grey\", \"green\", \"black\", \"deepskyblue\", \"orange\", \"lime\", \"purple\", \"Gold\", \"brown\", \"blue\", \"pink\"])\n",
    "plt.rcParams.update({\n",
    "   \"text.usetex\": True,\n",
    "   \"font.family\": ['Latin Modern Roman'],\n",
    "   \"xtick.labelsize\": 20.0,\n",
    "   \"ytick.labelsize\": 20.0,\n",
    "   \"axes.labelsize\":  20.0,\n",
    "   \"legend.fontsize\": 18.0\n",
    "})  \n"
   ]
  },
  {
   "cell_type": "code",
   "execution_count": null,
   "metadata": {},
   "outputs": [],
   "source": [
    "assets = {\"EEM\": \"Emerging Markets\",\n",
    "           \"IVV\": \"S&P 500\",\n",
    "           \"IEV\": \"MSCI Europe\",\n",
    "           \"IXN\": \"Global Tech\",\n",
    "           \"IYR\": \"US Real Estate\",\n",
    "           \"IXG\": \"Global Financials\",\n",
    "           \"EXI\": \"Global Industrials\",\n",
    "           \"GC=F\": \"Gold Futures\", \n",
    "           \"BZ=F\": \"Brent Crude Oil Futures\",\n",
    "           \"HYG\": \"High-Yield Corporate Bonds\",\n",
    "           \"TLT\": \"20+ Year Treasury Bonds\"}\n",
    "tickers = list(assets.keys())\n",
    "stocks = tickers[:7]\n",
    "commodities = tickers[7:9]\n",
    "bonds = tickers[9:]"
   ]
  },
  {
   "cell_type": "markdown",
   "metadata": {},
   "source": [
    "**Henter return data udfra tickers**"
   ]
  },
  {
   "cell_type": "code",
   "execution_count": null,
   "metadata": {},
   "outputs": [],
   "source": [
    "return_data =db.download_return_data(tickers)"
   ]
  },
  {
   "cell_type": "markdown",
   "metadata": {},
   "source": [
    "**Simulere Non central t-fordelinger til $r_t$. Bemærk at disse ikke er dem fra MGARCH modellen**"
   ]
  },
  {
   "cell_type": "code",
   "execution_count": null,
   "metadata": {},
   "outputs": [],
   "source": [
    "#fitter NCT fordeling til return data\n",
    "t_dist= return_data.apply(scipy.nct.fit, axis=0) \n",
    "stat = pd.DataFrame([t_dist.iloc[0],t_dist.iloc[1],t_dist.iloc[2],t_dist.iloc[3]], columns = tickers, index = ['DF','NC','LOC','SCALE']).transpose()\n",
    "\n",
    "#Sætter længde af simuleringen og random state\n",
    "T=len(return_data)\n",
    "state=2016\n",
    "\n",
    "#Simulere data og ligger det i et dataframe\n",
    "for index,row in stat.iterrows():\n",
    "    simulated_returns_1=scipy.nct.rvs(row['DF'],row['NC'],loc=row['LOC'],scale=row['SCALE'],size=T,random_state=state)\n",
    "    if index==\"EEM\":\n",
    "        simulated_returns=pd.DataFrame(simulated_returns_1, columns = [\"EEM\"])\n",
    "    else:\n",
    "        simulated_returns[index]=simulated_returns_1"
   ]
  },
  {
   "cell_type": "markdown",
   "metadata": {},
   "source": [
    "**Laver funktioner MGARCH model fit og udregning af vægte**"
   ]
  },
  {
   "cell_type": "code",
   "execution_count": null,
   "metadata": {},
   "outputs": [],
   "source": [
    "def GARCH_MODEL(ugarch_model=\"sGARCH\", garch_order=(1, 1)):\n",
    "    \"\"\"\n",
    "    Estimate af GARCH model and parse parameters, sigmas and residuals\n",
    "    ugarch_model: sGARCH, gjrGARCH\n",
    "    garch_order: (1, 1), (1,0)\n",
    "    \"\"\"\n",
    "    coef, residuals, sigmas = db.fit_garch_model()\n",
    "    return coef, residuals, sigmas"
   ]
  },
  {
   "cell_type": "code",
   "execution_count": null,
   "metadata": {},
   "outputs": [],
   "source": [
    "def Simulation_maker(GARCHTYPE,Data, coef, residuals, sigmas):\n",
    "    \"\"\"\n",
    "    Makes data for an simulations with a GARCH type model using the data in the csv file and simulation\n",
    "\n",
    "    Variables:\n",
    "    GARCHTYPE: sGARCH11, sGARCH10, gjrGARCH11\n",
    "    Data: Data used to find Omega_t to the simulated data\n",
    "    Residuals: Past residuals\n",
    "    Sigmas: Past sigmas\n",
    "    \"\"\"\n",
    "    #unpacks paramters\n",
    "    params_dict = db.parse_garch_coef(coef, 11, GARCHTYPE)\n",
    "    #udregner omega\n",
    "    sim_omega_s=db.calc_Omega_ts(Data,sigmas,residuals, **params_dict)\n",
    "    #udregner vægte\n",
    "    sim_weights=db.calc_weights_garch_no_trading_cost(sim_omega_s)\n",
    "    return sim_weights"
   ]
  },
  {
   "cell_type": "markdown",
   "metadata": {},
   "source": [
    "Simulating med $t_v$-distributed returns"
   ]
  },
  {
   "cell_type": "code",
   "execution_count": null,
   "metadata": {},
   "outputs": [],
   "source": [
    "v_t_ARCH_t, out_of_sample_ARCH_t, _, Omega_ts_ARCH_T = db.garch_with_trading_cost(tickers, number_of_out_of_sample_days=4*250,\n",
    " model_type=\"sGARCH10\",tuning_gamma_D=None, simulation=True, ugarch_dist_model=\"std\")\n",
    "v_t_GARCH_t, out_of_sample_GARCH_t, _, Omega_ts_GARCH_T = db.garch_with_trading_cost(tickers, number_of_out_of_sample_days=4*250,\n",
    " model_type=\"sGARCH11\",tuning_gamma_D=None, simulation=True, ugarch_dist_model=\"std\")\n",
    "v_t_GJR_t, out_of_sample_GJR_t, _, Omega_ts_GJR_T = db.garch_with_trading_cost(tickers, number_of_out_of_sample_days=4*250,\n",
    " model_type=\"gjrGARCH11\",tuning_gamma_D=None, simulation=True, ugarch_dist_model=\"std\")"
   ]
  },
  {
   "cell_type": "code",
   "execution_count": null,
   "metadata": {},
   "outputs": [],
   "source": [
    "res_ARCH_t, perf_table_ARCH_t = cs.performance_table(v_t_ARCH_t, out_of_sample_ARCH_t,Omega_ts_ARCH_T,portfolio_value=1e9)\n",
    "res_GARCH_t, perf_table_GARCH_t = cs.performance_table(v_t_GARCH_t, out_of_sample_GARCH_t,Omega_ts_GARCH_T,portfolio_value=1e9)\n",
    "res_GJR_t, perf_table_GJR_t = cs.performance_table(v_t_GJR_t, out_of_sample_GJR_t,Omega_ts_GJR_T,portfolio_value=1e9)"
   ]
  },
  {
   "cell_type": "code",
   "execution_count": null,
   "metadata": {},
   "outputs": [],
   "source": [
    "out_of_sample_ARCH_t"
   ]
  },
  {
   "cell_type": "code",
   "execution_count": null,
   "metadata": {},
   "outputs": [],
   "source": [
    "out_of_sample_GJR_t.index = pd.to_datetime(out_of_sample_GJR_t.index)\n",
    "fig, ax = plt.subplots(1, 1, figsize=(9,7), dpi=300)\n",
    "ax.plot(out_of_sample_GJR_t[\"IVV\"])\n",
    "ax.xaxis.set_major_locator(YearLocator())\n",
    "ax.xaxis.set_major_formatter(DateFormatter(\"%Y\"))"
   ]
  },
  {
   "cell_type": "code",
   "execution_count": null,
   "metadata": {},
   "outputs": [],
   "source": []
  },
  {
   "cell_type": "markdown",
   "metadata": {},
   "source": [
    "Simulating med Gaussian returns"
   ]
  },
  {
   "cell_type": "code",
   "execution_count": null,
   "metadata": {},
   "outputs": [],
   "source": [
    "v_t_ARCH_n, out_of_sample_ARCH_n, _, Omega_ts_ARCH_n = db.garch_with_trading_cost(tickers, number_of_out_of_sample_days=4*250,\n",
    " model_type=\"sGARCH10\",tuning_gamma_D=None, simulation=True, ugarch_dist_model=\"std\")\n",
    "v_t_GARCH_n, out_of_sample_GARCH_n, _, Omega_ts_GARCH_n = db.garch_with_trading_cost(tickers, number_of_out_of_sample_days=4*250,\n",
    " model_type=\"sGARCH11\",tuning_gamma_D=None, simulation=True, ugarch_dist_model=\"std\")\n",
    "v_t_GJR_n, out_of_sample_GJR_n, _, Omega_ts_GJR_n = db.garch_with_trading_cost(tickers, number_of_out_of_sample_days=4*250,\n",
    " model_type=\"gjrGARCH11\",tuning_gamma_D=None, simulation=True, ugarch_dist_model=\"std\")"
   ]
  },
  {
   "cell_type": "code",
   "execution_count": null,
   "metadata": {},
   "outputs": [],
   "source": [
    "res_ARCH_n, perf_table_ARCH_n = cs.performance_table(v_t_ARCH_n, out_of_sample_ARCH_n,Omega_ts_ARCH_n,portfolio_value=1e9)\n",
    "res_GARCH_n, perf_table_GARCH_n = cs.performance_table(v_t_GARCH_n, out_of_sample_GARCH_n,Omega_ts_GARCH_n,portfolio_value=1e9)\n",
    "res_GJR_n, perf_table_GJR_t = cs.performance_table(v_t_GJR_n, out_of_sample_GJR_n,Omega_ts_GJR_n,portfolio_value=1e9)"
   ]
  },
  {
   "cell_type": "code",
   "execution_count": null,
   "metadata": {},
   "outputs": [],
   "source": [
    "out_of_sample_ARCH_n.index = pd.to_datetime(out_of_sample_ARCH_n.index)\n",
    "fig, ax = plt.subplots(1, 1, figsize=(9,7), dpi=300)\n",
    "ax.plot(out_of_sample_GJR_n[\"IVV\"])\n",
    "ax.xaxis.set_major_locator(YearLocator())\n",
    "ax.xaxis.set_major_formatter(DateFormatter(\"%Y\"))"
   ]
  },
  {
   "cell_type": "code",
   "execution_count": 9,
   "metadata": {},
   "outputs": [
    {
     "data": {
      "text/plain": [
       "[('2017-10-12',\n",
       "  array([[ 2.73783918e+00,  5.46316422e-01,  6.51175661e-01,\n",
       "           5.68062415e-01,  4.30092260e-01,  7.56095713e-01,\n",
       "           5.44997026e-01,  3.27437767e-02,  4.63849099e-01,\n",
       "           9.76490267e-02, -1.40662714e-01],\n",
       "         [ 5.46316422e-01,  1.48507359e+00,  4.76248318e-01,\n",
       "           4.30717866e-01,  3.28849361e-01,  5.79200686e-01,\n",
       "           4.10605597e-01, -3.73724078e-02,  2.98214135e-01,\n",
       "           8.08596692e-02, -1.22853427e-01],\n",
       "         [ 6.51175661e-01,  4.76248318e-01,  2.09119082e+00,\n",
       "           4.83651575e-01,  3.55003448e-01,  6.83629803e-01,\n",
       "           4.94874854e-01, -2.81548750e-04,  4.38040568e-01,\n",
       "           9.18740078e-02, -1.33864629e-01],\n",
       "         [ 5.68062415e-01,  4.30717866e-01,  4.83651575e-01,\n",
       "           1.79969696e+00,  3.17785379e-01,  5.51881605e-01,\n",
       "           4.19236929e-01, -1.36231775e-02,  3.14009050e-01,\n",
       "           7.95315021e-02, -1.21316256e-01],\n",
       "         [ 4.30092260e-01,  3.28849361e-01,  3.55003448e-01,\n",
       "           3.17785379e-01,  1.49830254e+00,  4.65467212e-01,\n",
       "           2.98291400e-01, -1.91366288e-02,  1.92489148e-01,\n",
       "           6.26073615e-02, -7.56168407e-02],\n",
       "         [ 7.56095713e-01,  5.79200686e-01,  6.83629803e-01,\n",
       "           5.51881605e-01,  4.65467212e-01,  2.58279736e+00,\n",
       "           5.62307342e-01, -6.66617738e-02,  4.33782351e-01,\n",
       "           1.07926587e-01, -1.78518984e-01],\n",
       "         [ 5.44997026e-01,  4.10605597e-01,  4.94874854e-01,\n",
       "           4.19236929e-01,  2.98291400e-01,  5.62307342e-01,\n",
       "           1.55101981e+00, -1.75751397e-02,  3.41379204e-01,\n",
       "           8.27403613e-02, -1.17786950e-01],\n",
       "         [ 3.27437767e-02, -3.73724078e-02, -2.81548750e-04,\n",
       "          -1.36231775e-02, -1.91366288e-02, -6.66617738e-02,\n",
       "          -1.75751397e-02,  1.42804148e+00,  1.66484983e-01,\n",
       "          -2.77973520e-03,  5.41520993e-02],\n",
       "         [ 4.63849099e-01,  2.98214135e-01,  4.38040568e-01,\n",
       "           3.14009050e-01,  1.92489148e-01,  4.33782351e-01,\n",
       "           3.41379204e-01,  1.66484983e-01,  4.34237161e+00,\n",
       "           7.04606213e-02, -1.34703540e-01],\n",
       "         [ 9.76490267e-02,  8.08596692e-02,  9.18740078e-02,\n",
       "           7.95315021e-02,  6.26073615e-02,  1.07926587e-01,\n",
       "           8.27403613e-02, -2.77973520e-03,  7.04606213e-02,\n",
       "           2.43540252e-01, -1.95273377e-02],\n",
       "         [-1.40662714e-01, -1.22853427e-01, -1.33864629e-01,\n",
       "          -1.21316256e-01, -7.56168407e-02, -1.78518984e-01,\n",
       "          -1.17786950e-01,  5.41520993e-02, -1.34703540e-01,\n",
       "          -1.95273377e-02,  7.43157484e-01]])),\n",
       " ('2017-10-13',\n",
       "  array([[ 4.38164329e+00,  1.11330158e+00,  1.07756327e+00,\n",
       "           8.17653317e-01,  7.09177116e-01,  1.51518879e+00,\n",
       "           1.10774621e+00,  4.91117578e-02,  6.31665134e-01,\n",
       "           2.56111018e-01, -1.98306897e-01],\n",
       "         [ 1.11330158e+00,  3.67080392e+00,  9.81696170e-01,\n",
       "           7.71366674e-01,  6.74609325e-01,  1.44415438e+00,\n",
       "           1.03990198e+00, -5.07698598e-02,  5.07828115e-01,\n",
       "           2.63228829e-01, -2.14365317e-01],\n",
       "         [ 1.07756327e+00,  9.81696170e-01,  3.44412138e+00,\n",
       "           7.05221928e-01,  5.93332637e-01,  1.38526959e+00,\n",
       "           1.01551725e+00,  5.67703085e-03,  6.02865701e-01,\n",
       "           2.40497079e-01, -1.89580957e-01],\n",
       "         [ 8.17653317e-01,  7.71366674e-01,  7.05221928e-01,\n",
       "           2.24602526e+00,  4.61739147e-01,  9.74621655e-01,\n",
       "           7.48728744e-01, -1.08995269e-02,  3.77620955e-01,\n",
       "           1.80658704e-01, -1.49033456e-01],\n",
       "         [ 7.09177116e-01,  6.74609325e-01,  5.93332637e-01,\n",
       "           4.61739147e-01,  2.44198274e+00,  9.39111272e-01,\n",
       "           6.11929841e-01, -2.04250297e-02,  2.66774147e-01,\n",
       "           1.63057743e-01, -1.07597657e-01],\n",
       "         [ 1.51518879e+00,  1.44415438e+00,  1.38526959e+00,\n",
       "           9.74621655e-01,  9.39111272e-01,  6.22199287e+00,\n",
       "           1.39919153e+00, -9.42322155e-02,  7.25487019e-01,\n",
       "           3.43333288e-01, -3.04708883e-01],\n",
       "         [ 1.10774621e+00,  1.03990198e+00,  1.01551725e+00,\n",
       "           7.48728744e-01,  6.11929841e-01,  1.39919153e+00,\n",
       "           3.78598543e+00, -1.83532389e-02,  5.77007878e-01,\n",
       "           2.70464569e-01, -2.06148292e-01],\n",
       "         [ 4.91117578e-02, -5.07698598e-02,  5.67703085e-03,\n",
       "          -1.08995269e-02, -2.04250297e-02, -9.42322155e-02,\n",
       "          -1.83532389e-02,  1.44030244e+00,  1.79482522e-01,\n",
       "          -3.14049217e-05,  5.49886906e-02],\n",
       "         [ 6.31665134e-01,  5.07828115e-01,  6.02865701e-01,\n",
       "           3.77620955e-01,  2.66774147e-01,  7.25487019e-01,\n",
       "           5.77007878e-01,  1.79482522e-01,  4.82539355e+00,\n",
       "           1.50765922e-01, -1.54847944e-01],\n",
       "         [ 2.56111018e-01,  2.63228829e-01,  2.40497079e-01,\n",
       "           1.80658704e-01,  1.63057743e-01,  3.43333288e-01,\n",
       "           2.70464569e-01, -3.14049217e-05,  1.50765922e-01,\n",
       "           8.81140936e-01, -4.64352517e-02],\n",
       "         [-1.98306897e-01, -2.14365317e-01, -1.89580957e-01,\n",
       "          -1.49033456e-01, -1.07597657e-01, -3.04708883e-01,\n",
       "          -2.06148292e-01,  5.49886906e-02, -1.54847944e-01,\n",
       "          -4.64352517e-02,  8.32081642e-01]])),\n",
       " ('2017-10-16',\n",
       "  array([[ 4.73894500e+00,  8.98159474e-01,  9.14818324e-01,\n",
       "           7.22699782e-01,  8.34874573e-01,  1.56144638e+00,\n",
       "           8.96070923e-01,  5.02708972e-02,  6.11199889e-01,\n",
       "           2.49510849e-01, -1.95482973e-01],\n",
       "         [ 8.98159474e-01,  2.18050112e+00,  6.16888176e-01,\n",
       "           5.05508811e-01,  5.82759527e-01,  1.09633764e+00,\n",
       "           6.20887026e-01, -3.87058799e-02,  3.64845386e-01,\n",
       "           1.86410588e-01, -1.56253412e-01],\n",
       "         [ 9.14818324e-01,  6.16888176e-01,  2.27944306e+00,\n",
       "           4.87783909e-01,  5.39774812e-01,  1.10799877e+00,\n",
       "           6.39087723e-01,  4.54291224e-03,  4.57235252e-01,\n",
       "           1.79024497e-01, -1.45799754e-01],\n",
       "         [ 7.22699782e-01,  5.05508811e-01,  4.87783909e-01,\n",
       "           1.62117238e+00,  4.37182891e-01,  8.12639755e-01,\n",
       "           4.91373875e-01, -9.16662743e-03,  2.99119259e-01,\n",
       "           1.39742914e-01, -1.19592724e-01],\n",
       "         [ 8.34874573e-01,  5.82759527e-01,  5.39774812e-01,\n",
       "           4.37182891e-01,  3.02274093e+00,  1.03580263e+00,\n",
       "           5.30595370e-01, -2.24828160e-02,  2.76588798e-01,\n",
       "           1.69693597e-01, -1.13677940e-01],\n",
       "         [ 1.56144638e+00,  1.09633764e+00,  1.10799877e+00,\n",
       "           8.12639755e-01,  1.03580263e+00,  5.98254286e+00,\n",
       "           1.06471866e+00, -9.13137811e-02,  6.62690216e-01,\n",
       "           3.11664159e-01, -2.82677550e-01],\n",
       "         [ 8.96070923e-01,  6.20887026e-01,  6.39087723e-01,\n",
       "           4.91373875e-01,  5.30595370e-01,  1.06471866e+00,\n",
       "           2.25489088e+00, -1.40343702e-02,  4.15025299e-01,\n",
       "           1.92087846e-01, -1.50520266e-01],\n",
       "         [ 5.02708972e-02, -3.87058799e-02,  4.54291224e-03,\n",
       "          -9.16662743e-03, -2.24828160e-02, -9.13137811e-02,\n",
       "          -1.40343702e-02,  1.40869710e+00,  1.65477987e-01,\n",
       "          -6.03258396e-05,  5.13235407e-02],\n",
       "         [ 6.11199889e-01,  3.64845386e-01,  4.57235252e-01,\n",
       "           2.99119259e-01,  2.76588798e-01,  6.62690216e-01,\n",
       "           4.15025299e-01,  1.65477987e-01,  4.19397174e+00,\n",
       "           1.27458647e-01, -1.36248922e-01],\n",
       "         [ 2.49510849e-01,  1.86410588e-01,  1.79024497e-01,\n",
       "           1.39742914e-01,  1.69693597e-01,  3.11664159e-01,\n",
       "           1.92087846e-01, -6.03258396e-05,  1.27458647e-01,\n",
       "           7.25136078e-01, -4.01281111e-02],\n",
       "         [-1.95482973e-01, -1.56253412e-01, -1.45799754e-01,\n",
       "          -1.19592724e-01, -1.13677940e-01, -2.82677550e-01,\n",
       "          -1.50520266e-01,  5.13235407e-02, -1.36248922e-01,\n",
       "          -4.01281111e-02,  7.40947294e-01]])),\n",
       " ('2017-10-17',\n",
       "  array([[ 2.68102297e+00,  5.58128674e-01,  6.86689189e-01,\n",
       "           5.49714050e-01,  4.65219563e-01,  7.83926531e-01,\n",
       "           5.69057175e-01,  3.77644999e-02,  5.86901929e-01,\n",
       "           1.55559333e-01, -1.46772012e-01],\n",
       "         [ 5.58128674e-01,  1.48834371e+00,  5.08627251e-01,\n",
       "           4.22347975e-01,  3.56693531e-01,  6.04589346e-01,\n",
       "           4.33102358e-01, -3.21862541e-02,  3.84963427e-01,\n",
       "           1.27643464e-01, -1.28862813e-01],\n",
       "         [ 6.86689189e-01,  5.08627251e-01,  2.27031696e+00,\n",
       "           4.93193221e-01,  4.00025642e-01,  7.37161637e-01,\n",
       "           5.39025927e-01,  3.61452538e-03,  5.90150873e-01,\n",
       "           1.49394127e-01, -1.45222609e-01],\n",
       "         [ 5.49714050e-01,  4.22347975e-01,  4.93193221e-01,\n",
       "           1.65771808e+00,  3.28141334e-01,  5.47969172e-01,\n",
       "           4.19899064e-01, -9.90775589e-03,  3.91243041e-01,\n",
       "           1.17976955e-01, -1.20712309e-01],\n",
       "         [ 4.65219563e-01,  3.56693531e-01,  4.00025642e-01,\n",
       "           3.28141334e-01,  1.65869099e+00,  5.11621161e-01,\n",
       "           3.32259134e-01, -1.73057015e-02,  2.66929837e-01,\n",
       "           1.05046847e-01, -8.40601880e-02],\n",
       "         [ 7.83926531e-01,  6.04589346e-01,  7.37161637e-01,\n",
       "           5.47969172e-01,  5.11621161e-01,  2.66679723e+00,\n",
       "           5.99699343e-01, -6.07927413e-02,  5.59872288e-01,\n",
       "           1.71588879e-01, -1.88366975e-01],\n",
       "         [ 5.69057175e-01,  4.33102358e-01,  5.39025927e-01,\n",
       "           4.19899064e-01,  3.32259134e-01,  5.99699343e-01,\n",
       "           1.60727411e+00, -1.23011253e-02,  4.50294543e-01,\n",
       "           1.34902625e-01, -1.26850071e-01],\n",
       "         [ 3.77644999e-02, -3.21862541e-02,  3.61452538e-03,\n",
       "          -9.90775589e-03, -1.73057015e-02, -6.07927413e-02,\n",
       "          -1.23011253e-02,  1.41705562e+00,  2.06898468e-01,\n",
       "          -8.17526109e-04,  5.14018913e-02],\n",
       "         [ 5.86901929e-01,  3.84963427e-01,  5.90150873e-01,\n",
       "           3.91243041e-01,  2.66929837e-01,  5.59872288e-01,\n",
       "           4.50294543e-01,  2.06898468e-01,  6.84667544e+00,\n",
       "           1.41988113e-01, -1.73394876e-01],\n",
       "         [ 1.55559333e-01,  1.27643464e-01,  1.49394127e-01,\n",
       "           1.17976955e-01,  1.05046847e-01,  1.71588879e-01,\n",
       "           1.34902625e-01, -8.17526109e-04,  1.41988113e-01,\n",
       "           4.98106884e-01, -3.31795391e-02],\n",
       "         [-1.46772012e-01, -1.28862813e-01, -1.45222609e-01,\n",
       "          -1.20712309e-01, -8.40601880e-02, -1.88366975e-01,\n",
       "          -1.26850071e-01,  5.14018913e-02, -1.73394876e-01,\n",
       "          -3.31795391e-02,  7.38389685e-01]])),\n",
       " ('2017-10-18',\n",
       "  array([[ 2.72616074e+00,  5.65904667e-01,  6.66348156e-01,\n",
       "           5.51863236e-01,  4.81190262e-01,  7.87449376e-01,\n",
       "           5.63700627e-01,  4.02610737e-02,  4.66964760e-01,\n",
       "           1.05518541e-01, -1.48478103e-01],\n",
       "         [ 5.65904667e-01,  1.50374259e+00,  4.92146488e-01,\n",
       "           4.22487589e-01,  3.67436426e-01,  6.05238107e-01,\n",
       "           4.27649298e-01, -3.22142302e-02,  3.05449786e-01,\n",
       "           8.62892226e-02, -1.30157533e-01],\n",
       "         [ 6.66348156e-01,  4.92146488e-01,  2.10634392e+00,\n",
       "           4.71998963e-01,  3.93462076e-01,  7.06434600e-01,\n",
       "           5.09858338e-01,  2.51513040e-03,  4.49527111e-01,\n",
       "           9.66904311e-02, -1.41140558e-01],\n",
       "         [ 5.51863236e-01,  4.22487589e-01,  4.71998963e-01,\n",
       "           1.64038468e+00,  3.35076868e-01,  5.43113916e-01,\n",
       "           4.10338637e-01, -8.62905657e-03,  3.06899415e-01,\n",
       "           7.89583598e-02, -1.20410944e-01],\n",
       "         [ 4.81190262e-01,  3.67436426e-01,  3.93462076e-01,\n",
       "           3.35076868e-01,  1.73920837e+00,  5.22257317e-01,\n",
       "           3.34215900e-01, -1.53762191e-02,  2.14776013e-01,\n",
       "           7.24011093e-02, -8.57395591e-02],\n",
       "         [ 7.87449376e-01,  6.05238107e-01,  7.06434600e-01,\n",
       "           5.43113916e-01,  5.22257317e-01,  2.64375421e+00,\n",
       "           5.86564198e-01, -6.03013785e-02,  4.39923415e-01,\n",
       "           1.14914636e-01, -1.88371347e-01],\n",
       "         [ 5.63700627e-01,  4.27649298e-01,  5.09858338e-01,\n",
       "           4.10338637e-01,  3.34215900e-01,  5.86564198e-01,\n",
       "           1.55091836e+00, -1.20106822e-02,  3.49385269e-01,\n",
       "           8.91040807e-02, -1.25342733e-01],\n",
       "         [ 4.02610737e-02, -3.22142302e-02,  2.51513040e-03,\n",
       "          -8.62905657e-03, -1.53762191e-02, -6.03013785e-02,\n",
       "          -1.20106822e-02,  1.47047772e+00,  1.65011476e-01,\n",
       "          -4.02248329e-04,  5.37555053e-02],\n",
       "         [ 4.66964760e-01,  3.05449786e-01,  4.49527111e-01,\n",
       "           3.06899415e-01,  2.14776013e-01,  4.39923415e-01,\n",
       "           3.49385269e-01,  1.65011476e-01,  4.27559809e+00,\n",
       "           7.53662563e-02, -1.38376152e-01],\n",
       "         [ 1.05518541e-01,  8.62892226e-02,  9.66904311e-02,\n",
       "           7.89583598e-02,  7.24011093e-02,  1.14914636e-01,\n",
       "           8.91040807e-02, -4.02248329e-04,  7.53662563e-02,\n",
       "           2.25226568e-01, -2.24031640e-02],\n",
       "         [-1.48478103e-01, -1.30157533e-01, -1.41140558e-01,\n",
       "          -1.20410944e-01, -8.57395591e-02, -1.88371347e-01,\n",
       "          -1.25342733e-01,  5.37555053e-02, -1.38376152e-01,\n",
       "          -2.24031640e-02,  7.48795383e-01]])),\n",
       " ('2017-10-19',\n",
       "  array([[ 2.71308940e+00,  5.79052728e-01,  7.02461113e-01,\n",
       "           5.48838762e-01,  4.30648646e-01,  8.59190816e-01,\n",
       "           5.81400937e-01,  3.87981218e-02,  5.21911841e-01,\n",
       "           1.13244113e-01, -1.49862888e-01],\n",
       "         [ 5.79052728e-01,  1.57989181e+00,  5.33537574e-01,\n",
       "           4.31845728e-01,  3.37850317e-01,  6.79022675e-01,\n",
       "           4.53436514e-01, -3.40462992e-02,  3.52139321e-01,\n",
       "           9.49968362e-02, -1.35146906e-01],\n",
       "         [ 7.02461113e-01,  5.33537574e-01,  2.34746604e+00,\n",
       "           4.97179817e-01,  3.72490530e-01,  8.17418903e-01,\n",
       "           5.57270667e-01,  4.22724263e-05,  5.35250471e-01,\n",
       "           1.09155504e-01, -1.51573709e-01],\n",
       "         [ 5.48838762e-01,  4.31845728e-01,  4.97179817e-01,\n",
       "           1.62838496e+00,  2.99504648e-01,  5.92154046e-01,\n",
       "           4.22810696e-01, -9.49800879e-03,  3.43233480e-01,\n",
       "           8.45702222e-02, -1.21440414e-01],\n",
       "         [ 4.30648646e-01,  3.37850317e-01,  3.72490530e-01,\n",
       "           2.99504648e-01,  1.40001735e+00,  5.11757575e-01,\n",
       "           3.09701364e-01, -1.37648407e-02,  2.14934760e-01,\n",
       "           7.01173066e-02, -7.75485133e-02],\n",
       "         [ 8.59190816e-01,  6.79022675e-01,  8.17418903e-01,\n",
       "           5.92154046e-01,  5.11757575e-01,  3.15696184e+00,\n",
       "           6.63579775e-01, -6.84301250e-02,  5.43304228e-01,\n",
       "           1.34335170e-01, -2.09081522e-01],\n",
       "         [ 5.81400937e-01,  4.53436514e-01,  5.57270667e-01,\n",
       "           4.22810696e-01,  3.09701364e-01,  6.63579775e-01,\n",
       "           1.65519969e+00, -1.38437996e-02,  4.06081819e-01,\n",
       "           9.87780322e-02, -1.31331987e-01],\n",
       "         [ 3.87981218e-02, -3.40462992e-02,  4.22724263e-05,\n",
       "          -9.49800879e-03, -1.37648407e-02, -6.84301250e-02,\n",
       "          -1.38437996e-02,  1.45132694e+00,  1.76910242e-01,\n",
       "           4.16199351e-04,  5.50911417e-02],\n",
       "         [ 5.21911841e-01,  3.52139321e-01,  5.35250471e-01,\n",
       "           3.43233480e-01,  2.14934760e-01,  5.43304228e-01,\n",
       "           4.06081819e-01,  1.76910242e-01,  5.32684507e+00,\n",
       "           8.85199924e-02, -1.58797275e-01],\n",
       "         [ 1.13244113e-01,  9.49968362e-02,  1.09155504e-01,\n",
       "           8.45702222e-02,  7.01173066e-02,  1.34335170e-01,\n",
       "           9.87780322e-02,  4.16199351e-04,  8.85199924e-02,\n",
       "           2.63020221e-01, -2.38679085e-02],\n",
       "         [-1.49862888e-01, -1.35146906e-01, -1.51573709e-01,\n",
       "          -1.21440414e-01, -7.75485133e-02, -2.09081522e-01,\n",
       "          -1.31331987e-01,  5.50911417e-02, -1.58797275e-01,\n",
       "          -2.38679085e-02,  7.61126209e-01]])),\n",
       " ('2017-10-20',\n",
       "  array([[ 3.54711183e+00,  6.63057762e-01,  7.57962562e-01,\n",
       "           6.23201766e-01,  6.67942701e-01,  9.12344310e-01,\n",
       "           6.41992657e-01,  5.59992876e-02,  5.37398021e-01,\n",
       "           1.49791421e-01, -1.67944280e-01],\n",
       "         [ 6.63057762e-01,  1.57687726e+00,  5.03252105e-01,\n",
       "           4.28662069e-01,  4.52457047e-01,  6.29538164e-01,\n",
       "           4.38769810e-01, -3.27440414e-02,  3.16112861e-01,\n",
       "           1.12550180e-01, -1.35046507e-01],\n",
       "         [ 7.57962562e-01,  5.03252105e-01,  2.09099514e+00,\n",
       "           4.66144074e-01,  4.69832793e-01,  7.15601607e-01,\n",
       "           5.09651211e-01,  1.13883068e-03,  4.53314690e-01,\n",
       "           1.22799286e-01, -1.43612739e-01],\n",
       "         [ 6.23201766e-01,  4.28662069e-01,  4.66144074e-01,\n",
       "           1.60643982e+00,  3.97505842e-01,  5.45575265e-01,\n",
       "           4.06943384e-01, -8.81601750e-03,  3.05966363e-01,\n",
       "           1.00133963e-01, -1.21113173e-01],\n",
       "         [ 6.67942701e-01,  4.52457047e-01,  4.69832793e-01,\n",
       "           3.97505842e-01,  2.49784909e+00,  6.35316652e-01,\n",
       "           3.99178449e-01, -9.67972242e-03,  2.59813943e-01,\n",
       "           1.07598541e-01, -1.00362632e-01],\n",
       "         [ 9.12344310e-01,  6.29538164e-01,  7.15601607e-01,\n",
       "           5.45575265e-01,  6.35316652e-01,  2.71469732e+00,\n",
       "           5.96107719e-01, -6.28021259e-02,  4.52495362e-01,\n",
       "           1.47969234e-01, -1.94248889e-01],\n",
       "         [ 6.41992657e-01,  4.38769810e-01,  5.09651211e-01,\n",
       "           4.06943384e-01,  3.99178449e-01,  5.96107719e-01,\n",
       "           1.55516141e+00, -1.44692043e-02,  3.52730583e-01,\n",
       "           1.14907540e-01, -1.28465167e-01],\n",
       "         [ 5.59992876e-02, -3.27440414e-02,  1.13883068e-03,\n",
       "          -8.81601750e-03, -9.67972242e-03, -6.28021259e-02,\n",
       "          -1.44692043e-02,  1.54004958e+00,  1.65426329e-01,\n",
       "          -2.88100755e-03,  5.99822206e-02],\n",
       "         [ 5.37398021e-01,  3.16112861e-01,  4.53314690e-01,\n",
       "           3.05966363e-01,  2.59813943e-01,  4.52495362e-01,\n",
       "           3.52730583e-01,  1.65426329e-01,  4.28443669e+00,\n",
       "           9.39167926e-02, -1.42446419e-01],\n",
       "         [ 1.49791421e-01,  1.12550180e-01,  1.22799286e-01,\n",
       "           1.00133963e-01,  1.07598541e-01,  1.47969234e-01,\n",
       "           1.14907540e-01, -2.88100755e-03,  9.39167926e-02,\n",
       "           3.78489735e-01, -3.01378907e-02],\n",
       "         [-1.67944280e-01, -1.35046507e-01, -1.43612739e-01,\n",
       "          -1.21113173e-01, -1.00362632e-01, -1.94248889e-01,\n",
       "          -1.28465167e-01,  5.99822206e-02, -1.42446419e-01,\n",
       "          -3.01378907e-02,  7.73223785e-01]])),\n",
       " ('2017-10-23',\n",
       "  array([[ 3.54880052e+00,  8.17309101e-01,  7.93881297e-01,\n",
       "           6.57737417e-01,  6.03722352e-01,  1.06347267e+00,\n",
       "           6.89163404e-01,  5.18732965e-02,  5.38382815e-01,\n",
       "           1.50407571e-01, -1.71986587e-01],\n",
       "         [ 8.17309101e-01,  2.35177533e+00,  6.43753496e-01,\n",
       "           5.52482908e-01,  4.99539736e-01,  8.96153358e-01,\n",
       "           5.75183206e-01, -3.97402018e-02,  3.87047915e-01,\n",
       "           1.38040091e-01, -1.68436056e-01],\n",
       "         [ 7.93881297e-01,  6.43753496e-01,  2.27364524e+00,\n",
       "           5.11561212e-01,  4.41506676e-01,  8.66797900e-01,\n",
       "           5.68958483e-01,  4.10213882e-04,  4.72658488e-01,\n",
       "           1.30370736e-01, -1.51682947e-01],\n",
       "         [ 6.57737417e-01,  5.52482908e-01,  5.11561212e-01,\n",
       "           1.76710033e+00,  3.76240131e-01,  6.65958746e-01,\n",
       "           4.57494902e-01, -9.65680961e-03,  3.21333301e-01,\n",
       "           1.06408914e-01, -1.29068723e-01],\n",
       "         [ 6.03722352e-01,  4.99539736e-01,  4.41506676e-01,\n",
       "           3.76240131e-01,  2.01054406e+00,  6.63611346e-01,\n",
       "           3.84398536e-01, -9.17252744e-03,  2.33866308e-01,\n",
       "           9.75734217e-02, -9.21307745e-02],\n",
       "         [ 1.06347267e+00,  8.96153358e-01,  8.66797900e-01,\n",
       "           6.65958746e-01,  6.63611346e-01,  3.63902212e+00,\n",
       "           7.39912873e-01, -7.10300361e-02,  5.24630714e-01,\n",
       "           1.73197672e-01, -2.28459782e-01],\n",
       "         [ 6.89163404e-01,  5.75183206e-01,  5.68958483e-01,\n",
       "           4.57494902e-01,  3.84398536e-01,  7.39912873e-01,\n",
       "           1.77253726e+00, -1.55497020e-02,  3.76790633e-01,\n",
       "           1.24727241e-01, -1.39099445e-01],\n",
       "         [ 5.18732965e-02, -3.97402018e-02,  4.10213882e-04,\n",
       "          -9.65680961e-03, -9.17252744e-03, -7.10300361e-02,\n",
       "          -1.55497020e-02,  1.41368851e+00,  1.57705947e-01,\n",
       "          -2.27754198e-03,  5.81471284e-02],\n",
       "         [ 5.38382815e-01,  3.87047915e-01,  4.72658488e-01,\n",
       "           3.21333301e-01,  2.33866308e-01,  5.24630714e-01,\n",
       "           3.76790633e-01,  1.57705947e-01,  4.26582665e+00,\n",
       "           9.56875764e-02, -1.43416974e-01],\n",
       "         [ 1.50407571e-01,  1.38040091e-01,  1.30370736e-01,\n",
       "           1.06408914e-01,  9.75734217e-02,  1.73197672e-01,\n",
       "           1.24727241e-01, -2.27754198e-03,  9.56875764e-02,\n",
       "           4.04575526e-01, -2.98109534e-02],\n",
       "         [-1.71986587e-01, -1.68436056e-01, -1.51682947e-01,\n",
       "          -1.29068723e-01, -9.21307745e-02, -2.28459782e-01,\n",
       "          -1.39099445e-01,  5.81471284e-02, -1.43416974e-01,\n",
       "          -2.98109534e-02,  7.77719108e-01]])),\n",
       " ('2017-10-24',\n",
       "  array([[ 3.20585350e+00,  6.72687175e-01,  8.39430494e-01,\n",
       "           6.37873529e-01,  5.67903546e-01,  1.03641470e+00,\n",
       "           7.12798895e-01,  5.05668938e-02,  5.39085590e-01,\n",
       "           1.19535860e-01, -1.59068716e-01],\n",
       "         [ 6.72687175e-01,  1.75290876e+00,  6.16717760e-01,\n",
       "           4.85653811e-01,  4.25861437e-01,  7.91752442e-01,\n",
       "           5.38991610e-01, -3.36723929e-02,  3.53528212e-01,\n",
       "           9.92428500e-02, -1.42416088e-01],\n",
       "         [ 8.39430494e-01,  6.16717760e-01,  2.77894641e+00,\n",
       "           5.77929097e-01,  4.84230363e-01,  9.83555893e-01,\n",
       "           6.85339442e-01,  2.00252415e-03,  5.49168891e-01,\n",
       "           1.20650215e-01, -1.62816514e-01],\n",
       "         [ 6.37873529e-01,  4.85653811e-01,  5.77929097e-01,\n",
       "           1.82056398e+00,  3.78243616e-01,  6.93522318e-01,\n",
       "           5.05433542e-01, -8.83798401e-03,  3.43047454e-01,\n",
       "           9.02727125e-02, -1.27663062e-01],\n",
       "         [ 5.67903546e-01,  4.25861437e-01,  4.84230363e-01,\n",
       "           3.78243616e-01,  1.94596538e+00,  6.69930083e-01,\n",
       "           4.12347762e-01, -8.10288022e-03,  2.40611378e-01,\n",
       "           8.03203899e-02, -8.79307480e-02],\n",
       "         [ 1.03641470e+00,  7.91752442e-01,  9.83555893e-01,\n",
       "           6.93522318e-01,  6.69930083e-01,  3.79044403e+00,\n",
       "           8.21383561e-01, -7.09812457e-02,  5.63772263e-01,\n",
       "           1.47614054e-01, -2.27562508e-01],\n",
       "         [ 7.12798895e-01,  5.38991610e-01,  6.85339442e-01,\n",
       "           5.05433542e-01,  4.12347762e-01,  8.21383561e-01,\n",
       "           2.07387359e+00, -1.55439263e-02,  4.28138494e-01,\n",
       "           1.12760524e-01, -1.46304882e-01],\n",
       "         [ 5.05668938e-02, -3.36723929e-02,  2.00252415e-03,\n",
       "          -8.83798401e-03, -8.10288022e-03, -7.09812457e-02,\n",
       "          -1.55439263e-02,  1.41397117e+00,  1.67050238e-01,\n",
       "          -1.61657250e-03,  5.77703947e-02],\n",
       "         [ 5.39085590e-01,  3.53528212e-01,  5.49168891e-01,\n",
       "           3.43047454e-01,  2.40611378e-01,  5.63772263e-01,\n",
       "           4.28138494e-01,  1.67050238e-01,  4.88097022e+00,\n",
       "           8.31961261e-02, -1.53455921e-01],\n",
       "         [ 1.19535860e-01,  9.92428500e-02,  1.20650215e-01,\n",
       "           9.02727125e-02,  8.03203899e-02,  1.47614054e-01,\n",
       "           1.12760524e-01, -1.61657250e-03,  8.31961261e-02,\n",
       "           2.77630110e-01, -2.39345400e-02],\n",
       "         [-1.59068716e-01, -1.42416088e-01, -1.62816514e-01,\n",
       "          -1.27663062e-01, -8.79307480e-02, -2.27562508e-01,\n",
       "          -1.46304882e-01,  5.77703947e-02, -1.53455921e-01,\n",
       "          -2.39345400e-02,  7.57322723e-01]])),\n",
       " ('2017-10-25',\n",
       "  array([[ 2.67980459e+00,  6.09439684e-01,  6.68356253e-01,\n",
       "           5.50936256e-01,  5.05395335e-01,  7.81170705e-01,\n",
       "           5.68279787e-01,  4.65321764e-02,  4.95651012e-01,\n",
       "           1.00056268e-01, -1.44046252e-01],\n",
       "         [ 6.09439684e-01,  1.72142850e+00,  5.31392088e-01,\n",
       "           4.55065018e-01,  4.12334020e-01,  6.46217364e-01,\n",
       "           4.66031709e-01, -3.23600006e-02,  3.48933660e-01,\n",
       "           9.02540513e-02, -1.39238224e-01],\n",
       "         [ 6.68356253e-01,  5.31392088e-01,  2.10886386e+00,\n",
       "           4.75159413e-01,  4.09453231e-01,  7.06529989e-01,\n",
       "           5.20241906e-01,  1.30347287e-03,  4.83228986e-01,\n",
       "           9.60343108e-02, -1.40812957e-01],\n",
       "         [ 5.50936256e-01,  4.55065018e-01,  4.75159413e-01,\n",
       "           1.62446069e+00,  3.48403117e-01,  5.39914799e-01,\n",
       "           4.16470110e-01, -7.89070236e-03,  3.24648666e-01,\n",
       "           7.81542698e-02, -1.19263856e-01],\n",
       "         [ 5.05395335e-01,  4.12334020e-01,  4.09453231e-01,\n",
       "           3.48403117e-01,  1.84387295e+00,  5.36850857e-01,\n",
       "           3.50415201e-01, -6.59490978e-03,  2.31190079e-01,\n",
       "           7.18698182e-02, -8.40800274e-02],\n",
       "         [ 7.81170705e-01,  6.46217364e-01,  7.06529989e-01,\n",
       "           5.39914799e-01,  5.36850857e-01,  2.57701826e+00,\n",
       "           5.90336102e-01, -5.89269628e-02,  4.68926801e-01,\n",
       "           1.11298637e-01, -1.86106629e-01],\n",
       "         [ 5.68279787e-01,  4.66031709e-01,  5.20241906e-01,\n",
       "           4.16470110e-01,  3.50415201e-01,  5.90336102e-01,\n",
       "           1.57680246e+00, -1.32157342e-02,  3.74637222e-01,\n",
       "           9.00608513e-02, -1.26235744e-01],\n",
       "         [ 4.65321764e-02, -3.23600006e-02,  1.30347287e-03,\n",
       "          -7.89070236e-03, -6.59490978e-03, -5.89269628e-02,\n",
       "          -1.32157342e-02,  1.42195519e+00,  1.66278757e-01,\n",
       "          -1.28373953e-03,  5.77856803e-02],\n",
       "         [ 4.95651012e-01,  3.48933660e-01,  4.83228986e-01,\n",
       "           3.24648666e-01,  2.31190079e-01,  4.68926801e-01,\n",
       "           3.74637222e-01,  1.66278757e-01,  4.95839281e+00,\n",
       "           7.59800103e-02, -1.54457120e-01],\n",
       "         [ 1.00056268e-01,  9.02540513e-02,  9.60343108e-02,\n",
       "           7.81542698e-02,  7.18698182e-02,  1.11298637e-01,\n",
       "           9.00608513e-02, -1.28373953e-03,  7.59800103e-02,\n",
       "           2.32536427e-01, -2.15985524e-02],\n",
       "         [-1.44046252e-01, -1.39238224e-01, -1.40812957e-01,\n",
       "          -1.19263856e-01, -8.40800274e-02, -1.86106629e-01,\n",
       "          -1.26235744e-01,  5.77856803e-02, -1.54457120e-01,\n",
       "          -2.15985524e-02,  7.44359367e-01]])),\n",
       " ('2017-10-26',\n",
       "  array([[ 2.69089827e+00,  5.66729323e-01,  6.64193940e-01,\n",
       "           5.47936165e-01,  4.41189296e-01,  7.91105571e-01,\n",
       "           5.69575346e-01,  4.62161806e-02,  4.56652148e-01,\n",
       "           1.04438594e-01, -1.44303698e-01],\n",
       "         [ 5.66729323e-01,  1.48293625e+00,  4.89210844e-01,\n",
